      0.00000
    0.0801000
     0.420000
     0.750000
      1.08000
      1.42000
      1.75000
      2.08000
      2.42000
      2.75000
      3.08000
      3.42000
      8.50000
      12.5000
      16.5000
      20.5000
      24.5000
      28.5000
      32.5000
      36.5000
      40.5000
      44.5000
      48.5000
      52.5000
      56.5000
      60.5000
      64.5000
      68.5000
      72.5000
      76.5000
      80.5000
      84.5000
      88.5000
      92.5000
      96.5000
      100.500
      104.500
      108.500
      112.500
