      0.00000
     0.646465
      94.7036
      48.4373
      35.0823
      26.2105
      22.9628
      21.5859
      21.0931
      20.5697
      19.9676
      12.5653
      10.8705
      9.56499
      8.55373
      7.76472
      7.14361
      6.64932
      6.25082
      5.92465
      5.65308
      5.42270
      5.22339
      5.04752
      4.88929
      4.74434
      4.60934
      4.48183
      4.35991
      4.24215
      4.12748
      4.01507
      3.90432
      3.79475
      3.68603
      3.57787
      3.47008
      3.36250
      3.25502
