      0.00000     0.100000     0.200000     0.300000     0.400000     0.500000
     0.600000     0.700000     0.800000     0.900000      1.00000      1.10000
      1.20000      1.30000      1.40000      1.50000      1.60000      1.70000
      1.80000      1.90000      2.00000      2.10000      2.20000      2.30000
      2.40000      2.50000      2.60000      2.70000      2.80000      2.90000
      3.00000      3.10000      3.20000      3.30000      3.40000      3.50000
      3.60000      3.70000      3.80000      3.90000      4.00000      4.10000
      4.20000      4.30000      4.40000      4.50000      4.60000      4.70000
      4.80000      4.90000      5.00000      5.10000      5.20000      5.30000
      5.40000      5.50000      5.60000      5.70000      5.80000      5.90000
      6.00000      6.10000      6.20000      6.30000      6.40000      6.50000
      6.60000      6.70000      6.80000      6.90000      7.00000      7.10000
      7.20000      7.30000      7.40000      7.50000      7.60000      7.70000
      7.80000      7.90000      8.00000      8.10000      8.20000      8.30000
      8.40000      8.50000      8.60000      8.70000      8.80000      8.90000
      9.00000      9.10000      9.20000      9.30000      9.40000      9.50000
      9.60000      9.70000      9.80000      9.90000      10.0000      10.1000
      10.2000      10.3000      10.4000      10.5000      10.6000      10.7000
      10.8000      10.9000      11.0000      11.1000      11.2000      11.3000
      11.4000      11.5000      11.6000      11.7000      11.8000      11.9000
      12.0000      12.1000      12.2000      12.3000      12.4000      12.5000
      12.6000      12.7000      12.8000      12.9000      13.0000      13.1000
      13.2000      13.3000      13.4000      13.5000      13.6000      13.7000
      13.8000      13.9000      14.0000      14.1000      14.2000      14.3000
      14.4000      14.5000      14.6000      14.7000      14.8000      14.9000
      15.0000      15.1000      15.2000      15.3000      15.4000      15.5000
      15.6000      15.7000      15.8000      15.9000      16.0000      16.1000
      16.2000      16.3000      16.4000      16.5000      16.6000      16.7000
      16.8000      16.9000      17.0000      17.1000      17.2000      17.3000
      17.4000      17.5000      17.6000      17.7000      17.8000      17.9000
      18.0000      18.1000      18.2000      18.3000      18.4000      18.5000
      18.6000      18.7000      18.8000      18.9000      19.0000      19.1000
      19.2000      19.3000      19.4000      19.5000      19.6000      19.7000
      19.8000      19.9000      20.0000      20.1000      20.2000      20.3000
      20.4000      20.5000      20.6000      20.7000      20.8000      20.9000
      21.0000      21.1000      21.2000      21.3000      21.4000      21.5000
      21.6000      21.7000      21.8000      21.9000      22.0000      22.1000
      22.2000      22.3000      22.4000      22.5000      22.6000      22.7000
      22.8000      22.9000      23.0000      23.1000      23.2000      23.3000
      23.4000      23.5000      23.6000      23.7000      23.8000      23.9000
      24.0000      24.1000      24.2000      24.3000      24.4000      24.5000
      24.6000      24.7000      24.8000      24.9000      25.0000      25.1000
      25.2000      25.3000      25.4000      25.5000      25.6000      25.7000
      25.8000      25.9000      26.0000      26.1000      26.2000      26.3000
      26.4000      26.5000      26.6000      26.7000      26.8000      26.9000
      27.0000      27.1000      27.2000      27.3000      27.4000      27.5000
      27.6000      27.7000      27.8000      27.9000      28.0000      28.1000
      28.2000      28.3000      28.4000      28.5000      28.6000      28.7000
      28.8000      28.9000      29.0000      29.1000      29.2000      29.3000
      29.4000      29.5000      29.6000      29.7000      29.8000      29.9000
      30.0000      30.1000      30.2000      30.3000      30.4000      30.5000
      30.6000      30.7000      30.8000      30.9000      31.0000      31.1000
      31.2000      31.3000      31.4000      31.5000      31.6000      31.7000
      31.8000      31.9000      32.0000      32.1000      32.2000      32.3000
      32.4000      32.5000      32.6000      32.7000      32.8000      32.9000
      33.0000      33.1000      33.2000      33.3000      33.4000      33.5000
      33.6000      33.7000      33.8000      33.9000      34.0000      34.1000
      34.2000      34.3000      34.4000      34.5000      34.6000      34.7000
      34.8000      34.9000      35.0000      35.1000      35.2000      35.3000
      35.4000      35.5000      35.6000      35.7000      35.8000      35.9000
      36.0000      36.1000      36.2000      36.3000      36.4000      36.5000
      36.6000      36.7000      36.8000      36.9000      37.0000      37.1000
      37.2000      37.3000      37.4000      37.5000      37.6000      37.7000
      37.8000      37.9000      38.0000      38.1000      38.2000      38.3000
      38.4000      38.5000      38.6000      38.7000      38.8000      38.9000
      39.0000      39.1000      39.2000      39.3000      39.4000      39.5000
      39.6000      39.7000      39.8000      39.9000      40.0000      40.1000
      40.2000      40.3000      40.4000      40.5000      40.6000      40.7000
      40.8000      40.9000      41.0000      41.1000      41.2000      41.3000
      41.4000      41.5000      41.6000      41.7000      41.8000      41.9000
      42.0000      42.1000      42.2000      42.3000      42.4000      42.5000
      42.6000      42.7000      42.8000      42.9000      43.0000      43.1000
      43.2000      43.3000      43.4000      43.5000      43.6000      43.7000
      43.8000      43.9000      44.0000      44.1000      44.2000      44.3000
      44.4000      44.5000      44.6000      44.7000      44.8000      44.9000
      45.0000      45.1000      45.2000      45.3000      45.4000      45.5000
      45.6000      45.7000      45.8000      45.9000      46.0000      46.1000
      46.2000      46.3000      46.4000      46.5000      46.6000      46.7000
      46.8000      46.9000      47.0000      47.1000      47.2000      47.3000
      47.4000      47.5000      47.6000      47.7000      47.8000      47.9000
      48.0000      48.1000      48.2000      48.3000      48.4000      48.5000
      48.6000      48.7000      48.8000      48.9000      49.0000
