      0.00000      0.00000      0.00000      0.00000      0.00000      0.00000
      0.00000      0.00000      0.00000      0.00000      0.00000      0.00000
      0.00000      0.00000      0.00000      0.00000      0.00000      0.00000
      0.00000      0.00000      0.00000      0.00000      0.00000      0.00000
      0.00000      0.00000      0.00000      0.00000      0.00000      0.00000
      0.00000      0.00000      0.00000      0.00000      0.00000      0.00000
      0.00000      0.00000      0.00000      0.00000      0.00000      0.00000
      0.00000      0.00000      0.00000      0.00000      0.00000      0.00000
      0.00000      0.00000      0.00000    -0.178125    -0.375001    -0.584375
    -0.800000     -1.01562     -1.22500     -1.42188     -1.60000     -1.75313
     -1.87500     -1.95938     -2.00000     -1.99063     -1.92500     -1.79688
     -1.60000     -1.32812    -0.974999    -0.534374      0.00000     0.323750
     0.700001      1.13625      1.64000      2.21875      2.88000      3.63125
      4.48000      5.43375      6.50000      7.68625      9.00000      10.4488
      12.0400      13.7812      15.6800      17.7437      19.9800      22.3963
      25.0000      27.5750      30.3300      33.2600      36.3600      39.6250
      43.0500      46.6300      50.3600      54.2350      58.2500      62.4000
      66.6800      71.0850      75.6100      80.2500      85.0000      89.8550
      94.8100      99.8600      105.000      109.895      114.910      120.040
      125.280      130.625      136.070      141.610      147.240      152.955
      158.750      164.620      170.560      176.565      182.630      188.750
      194.920      201.135      207.390      213.680      220.000      226.464
      233.015      239.638      246.320      253.047      259.805      266.581
      273.360      280.129      286.875      293.583      300.240      306.832
      313.345      319.766      326.080      332.274      338.335      344.248
      350.000      355.676      361.235      366.677      372.000      377.203
      382.285      387.244      392.080      396.791      401.375      405.832
      410.160      414.358      418.425      422.359      426.160      429.826
      433.355      436.747      440.000      443.924      447.755      451.478
      455.080      458.547      461.865      465.021      468.000      470.789
      473.375      475.743      477.880      479.772      481.405      482.766
      483.840      484.614      485.075      485.208      485.000      484.922
      484.525      483.816      482.800      481.484      479.875      477.978
      475.800      473.347      470.625      467.641      464.400      460.909
      457.175      453.203      449.000      444.572      439.925      435.066
      430.000      425.032      419.775      414.251      408.480      402.484
      396.285      389.903      383.360      376.677      369.875      362.976
      356.000      348.969      341.905      334.828      327.760      320.722
      313.735      306.821      300.000      293.430      286.860      280.300
      273.760      267.250      260.780      254.360      248.000      241.710
      235.500      229.380      223.360      217.450      211.660      206.000
      200.480      195.110      189.900      184.860      180.000      174.975
      170.090      165.348      160.752      156.306      152.014      147.879
      143.904      140.093      136.450      132.978      129.680      126.560
      123.622      120.869      118.304      115.931      113.754      111.776
      110.000      108.261      106.754      105.466      104.384      103.494
      102.782      102.235      101.840      101.583      101.450      101.428
      101.504      101.664      101.894      102.181      102.512      102.873
      103.250      103.630      104.000      103.965      103.965      103.999
      104.064      104.159      104.283      104.433      104.608      104.806
      105.025      105.264      105.520      105.792      106.079      106.378
      106.688      107.007      107.333      107.665      108.000      108.264
      108.538      108.821      109.112      109.412      109.722      110.041
      110.368      110.704      111.050      111.405      111.768      112.140
      112.522      112.912      113.312      113.721      114.138      114.565
      115.000      115.578      116.183      116.808      117.448      118.097
      118.749      119.399      120.040      120.667      121.275      121.857
      122.408      122.922      123.393      123.816      124.184      124.492
      124.735      124.906      125.000      124.906      124.735      124.492
      124.184      123.816      123.393      122.922      122.408      121.857
      121.275      120.667      120.040      119.399      118.749      118.097
      117.448      116.808      116.183      115.578      115.000      114.607
      114.228      113.861      113.504      113.156      112.816      112.482
      112.152      111.825      111.500      111.175      110.848      110.518
      110.184      109.844      109.496      109.139      108.772      108.393
      108.000      107.550      107.087      106.613      106.128      105.634
      105.133      104.625      104.112      103.595      103.075      102.554
      102.032      101.511      100.993      100.478      99.9680      99.4639
      98.9670      98.4786      98.0000      97.4432      96.8820      96.3198
      95.7600      95.2063      94.6620      94.1307      93.6160      93.1212
      92.6500      92.2057      91.7920      91.4123      91.0700      90.7688
      90.5120      90.3032      90.1460      90.0437      90.0000      90.0438
      90.1460      90.3032      90.5120      90.7688      91.0700      91.4123
      91.7920      92.2058      92.6500      93.1213      93.6160      94.1307
      94.6620      95.2063      95.7600      96.3198      96.8820      97.4433
      98.0000      98.5000      99.0120      99.5340      100.064      100.600
      101.140      101.682      102.224      102.764      103.300      103.830
      104.352      104.864      105.364      105.850      106.320      106.772
      107.204      107.614      108.000      108.361      108.696      109.009
      109.299      109.569      109.819      110.051      110.266      110.465
      110.650      110.822      110.982      111.132      111.273      111.406
      111.533      111.654      111.772      111.886      112.000
